100419272
100446712
100512771
100526501
100637902
100930531
100930551
101562231
101705981
101947511
101951741
101967141
102023521
102027092
58700223
90032071
90045271
90058601
90108611
90224201
90224221
90243351
90245161
90274131
90627191
90693641
90693731
90693901
90983191
91139661
91139671
91250571
91771491
92069771
92256191
92453852
93753692
93980041
94548401
94721651
95022251
96082232
96083142
96265191
96596494
97228301
97932444
97958641
98000661
98019431
98059501
98073191
98073251
98081211
98139001
98166041
98171541
98172231
98227701
98288521
98289931
98289971
98290291
98341351
98357641
98432881
98517291
98542691
98584571
98589201
98589661
98590691
98625701
98631021
98778031
99147531
99261732
99404141
99404151
99404181
99552122
99642611
99670591
99758661
99782011
99782241
